64 MB:
0x00: 80 08 04 0c 09 01 40 00 01 a0 60 00 80 08 00 01
0x10: 8f 04 04 01 01 00 06 a0 60 00 00 14 10 14 2d 10
0x20: 20 10 20 10 00 00 00 00 00 00 00 00 00 00 00 00
0x30: 00 00 00 00 00 00 00 00 00 00 00 00 00 00 12 f2
0x40: 7f 61 00 00 00 00 00 00 46 04 00 ff ff ff ff ff
0x50: ff ff ff ff ff ff ff ff ff ff ff ff ff ff ff ff
0x60: ff ff ff ff ff ff ff ff ff ff ff ff ff ff ff ff
0x70: ff ff ff ff ff ff ff ff ff ff ff ff ff ff 64 f4

512 MB:
0x00: 80 08 04 0d 0a 02 40 00 01 75 54 00 82 08 00 01
0x10: 8f 04 04 01 01 00 0f 00 00 00 00 14 0f 14 2d 40
0x20: 15 08 15 08 00 00 00 00 00 00 00 00 00 00 00 00
0x30: 00 00 00 00 00 00 00 00 00 00 00 00 00 00 12 d2
0x40: 00 00 00 00 00 00 00 00 00 00 00 00 00 00 00 00
0x50: 00 00 00 00 00 00 00 00 00 00 00 00 00 00 00 00
0x60: 00 00 00 00 00 00 00 00 00 00 00 00 00 00 00 00
0x70: 00 00 00 00 00 00 00 00 00 00 00 00 00 00 64 fd

256 MB:
0x00: 80 08 04 0c 0a 02 40 00 01 75 54 00 80 08 00 01
0x10: 8f 04 06 01 01 00 0e a0 60 00 00 14 0f 14 2d 20
0x20: 15 08 15 08 00 00 00 00 00 00 00 00 00 00 00 00
0x30: 00 00 00 00 00 00 00 00 00 00 00 00 00 00 12 b0
0x40: 00 00 00 00 00 00 00 00 00 00 00 00 00 00 00 00
0x50: 00 00 00 00 00 00 00 00 00 00 00 00 00 00 00 00
0x60: 00 00 00 00 00 00 00 00 00 00 00 00 00 00 00 00
0x70: 00 00 00 00 00 00 00 00 00 00 00 00 00 00 64 f6

